                      ITRF2020 STATION POSITIONS AT EPOCH 2015.0 AND VELOCITIES
                                            SLR STATIONS


DOMES NB. SITE NAME        TECH. ID.        X/Vx       Y/Vy         Z/Vz         Sigmas            SOLN  DATA_START   DATA_END  
                                            -----------------------m/m/y---------------------
--------------------------------------------------------------------------------------------------------------------------------
10002S001 Grasse (OCA)    SLR   7835  4581691.3906   556159.8850  4389359.7140 0.0046 0.0031 0.0048  1 00:000:00000 90:071:00000
10002S001                                  -.01388       0.01886       0.01117 .00006 .00006 .00006
10002S001 Grasse (OCA)    SLR   7835  4581691.3984   556159.8819  4389359.6995 0.0012 0.0013 0.0011  2 90:071:00000 99:335:00000
10002S001                                  -.01388       0.01886       0.01117 .00006 .00006 .00006
10002S001 Grasse (OCA)    SLR   7835  4581691.3947   556159.8800  4389359.7032 0.0011 0.0012 0.0010  3 99:335:00000 00:000:00000
10002S001                                  -.01388       0.01886       0.01117 .00006 .00006 .00006
10002S002 Grasse (OCA)    SLR   7845  4581691.9389   556196.3678  4389355.2869 0.0007 0.0007 0.0007
10002S002                                  -.01388       0.01886       0.01117 .00006 .00006 .00006
10077M002 Ajaccio         SLR   7848  4696991.7778   724001.8545  4239671.7585 0.0141 0.0189 0.0131
10077M002                                  -.01359       0.01877       0.01120 .00099 .00130 .00093
10302M002 Tromso          SLR   7602  2102903.6723   721602.9652  5958201.4638 0.1508 0.1039 0.2530
10302M002                                  -.02014       0.02083       0.00773 .00644 .00451 .01039
10503S001 Metsahovi       SLR   7805  2892595.0454  1311808.0055  5512611.0464 0.0164 0.0169 0.0147
10503S001                                  -.01642       0.01453       0.00997 .00010 .00009 .00011
10503S014 Metsahovi       SLR   7806  2892606.8445  1311813.3335  5512598.8475 0.0049 0.0036 0.0073
10503S014                                  -.01642       0.01453       0.00997 .00010 .00009 .00011
11001S002 GRAZ LUSTBUEHEL SLR   7839  4194426.2130  1162694.3570  4647246.8430 0.0007 0.0007 0.0007
11001S002                                  -.01695       0.01789       0.01041 .00005 .00005 .00006
11101M001 Sofia           SLR   7505  4319397.5369  1868698.1834  4292025.2950 1.8861 1.8986 1.8777
11101M001                                  0.00010       0.01301       0.02442 .09811 .09877 .09768
12205S001 Borowiec        SLR   7811  3738332.5081  1148246.7696  5021816.1774 0.0020 0.0020 0.0017  1 00:000:00000 02:208:00000
12205S001                                  -.01727       0.01575       0.00866 .00008 .00008 .00008
12205S001 Borowiec        SLR   7811  3738332.5134  1148246.7734  5021816.1869 0.0014 0.0014 0.0012  2 02:208:00000 00:000:00000
12205S001                                  -.01727       0.01575       0.00866 .00008 .00008 .00008
12302M001 Riga            SLR   7560  3183913.8632  1421473.7947  5322796.9702 0.0891 0.0575 0.0342
12302M001                                  -.01840       0.01425       0.00753 .00033 .00025 .00041
12302S002 Riga            SLR   1884  3183895.6062  1421497.3037  5322803.9237 0.0044 0.0032 0.0053
12302S002                                  -.01840       0.01425       0.00753 .00033 .00025 .00041
12302S006 Riga            SLR   1885  3183892.1165  1421466.0517  5322814.1307 0.0391 0.0372 0.0210
12302S006                                  -.01840       0.01425       0.00753 .00033 .00025 .00041
12309S003 MENDELEEVO      SLR   1874  2844591.5567  2161112.0315  5266356.8825 0.0025 0.0025 0.0022
12309S003                                  -.02045       0.01321       0.00725 .00070 .00071 .00063
12313S007 Irkoutsk        SLR   1891  -968340.3685  3794415.0984  5018178.1171 0.0021 0.0021 0.0019
12313S007                                  -.02580       -.00227       -.00554 .00066 .00065 .00057
12337M001 Simeiz          SLR   7561  3783746.1481  2551362.9866  4441445.2134 0.0327 0.0345 0.0261
12337M001                                  -.01812       0.01757       0.00553 .00041 .00040 .00036
12337S003 Simeiz          SLR   1873  3783902.0598  2551405.2022  4441257.5917 0.0057 0.0042 0.0066
12337S003                                  -.01812       0.01757       0.00553 .00041 .00040 .00036
12337S006 Simeiz          SLR   1893  3785944.2404  2550780.8710  4439461.4198 0.0057 0.0059 0.0050  1 00:000:00000 08:300:00000
12337S006                                  -.01812       0.01757       0.00553 .00041 .00040 .00036
12337S006 Simeiz          SLR   1893  3785944.2376  2550780.8698  4439461.3995 0.0019 0.0020 0.0016  2 08:300:00000 00:000:00000
12337S006                                  -.01812       0.01757       0.00553 .00041 .00040 .00036
12338S004 Badary          SLR   1890  -838300.1073  3865738.8634  4987640.8901 0.0018 0.0017 0.0017
12338S004                                  -.02769       -.00112       -.00638 .00052 .00049 .00048
12340S001 Maidanak        SLR   1863  1953262.1944  4588920.4213  3966841.1695 0.0100 0.0149 0.0137
12340S001                                  -.02579       0.00931       0.00564 .00072 .00117 .00109
12340S002 Maidanak        SLR   1864  1953285.3109  4588973.9692  3966767.7551 0.0100 0.0160 0.0149
12340S002                                  -.02579       0.00931       0.00564 .00072 .00117 .00109
12341S001 KOMSOMOLSK-NA-A SLR   1868 -2948545.0535  2774312.3986  4912302.7970 0.0193 0.0189 0.0277  1 00:000:00000 03:155:00000
12341S001                                  -.02110       -.00776       -.00963 .00101 .00096 .00141
12341S001 KOMSOMOLSK-NA-A SLR   1868 -2948545.6604  2774312.9426  4912302.3666 0.0042 0.0041 0.0058  2 03:155:00000 00:000:00000
12341S001                                  -.02110       -.00776       -.00963 .00101 .00096 .00141
12350S002 Svetloe         SLR   1888  2730138.8197  1562328.8199  5529998.7092 0.0015 0.0014 0.0013
12350S002                                  -.01895       0.01332       0.00773 .00030 .00030 .00029
12351S002 ZELENCHUKSKAYA  SLR   1889  3451135.8772  3060335.2862  4391970.3611 0.0016 0.0016 0.0015
12351S002                                  -.02433       0.01320       0.00580 .00074 .00075 .00075
12356S001 Kiev - Golosiiv SLR   1824  3512988.9944  2068968.9778  4888817.4563 0.0129 0.0102 0.0178
12356S001                                  -.02148       0.01132       0.01013 .00258 .00192 .00337
12368S001 Brjuhovychi     SLR   1831  3760674.5874  1670776.6783  4857165.8508 0.0636 0.0741 0.0580
12368S001                                  -.01543       0.02596       0.03898 .00665 .00781 .00616
12372S001 Altay           SLR   1879   543405.6777  3955302.3139  4957821.0315 0.0019 0.0020 0.0023
12372S001                                  -.02615       0.00379       0.00012 .00060 .00070 .00068
12373S001 Arkhyz          SLR   1886  3466773.1973  3059757.9043  4381456.7785 0.0046 0.0039 0.0056
12373S001                                  -.02169       0.01485       0.00935 .00145 .00130 .00182
12602M002 Dionysos        SLR   7515  4595216.3681  2039435.6251  3912629.4293 0.2337 0.2868 0.2331
12602M002                                  -.00175       0.01130       -.00425 .00892 .01089 .00884
12612M001 Askites         SLR   7510  4353444.4733  2082666.7584  4156507.0248 0.2002 0.2458 0.1942
12612M001                                  -.01547       0.01724       0.01219 .00761 .00931 .00734
12613M001 Roumelli        SLR   7517  4728694.9552  2174373.7516  3674572.8357 0.1347 0.1768 0.1472
12613M001                                  0.01033       0.01403       -.00585 .00534 .00694 .00579
12614M001 Karitsa         SLR   7520  4596042.2460  1733477.2075  4055721.1747 0.0580 0.0695 0.0526
12614M001                                  -.01397       0.01768       0.01020 .00288 .00350 .00262
12615M001 Katavia         SLR   7512  4573400.0312  2409322.8128  3723881.5254 0.1637 0.1853 0.1480
12615M001                                  0.00003       0.02228       -.01024 .00637 .00727 .00580
12616M001 Xrisokalaria    SLR   7525  4745949.6427  1905706.0766  3799168.8776 0.0693 0.0751 0.0602
12616M001                                  0.00390       0.00503       -.00771 .00327 .00354 .00284
12617M002 Chania          SLR   7830  4744552.5986  2119414.6627  3686245.0374 0.0250 0.0258 0.0243
12617M002                                  0.00279       0.01004       -.01007 .00201 .00200 .00200
12706M001 Lampedusa       SLR   7544  5072831.6295  1130887.0365  3684837.7341 0.2326 0.2482 0.2017
12706M001                                  -.01337       0.03002       0.02742 .00955 .01025 .00818
12711M002 Medicina        SLR   7546  4461399.1672   919567.4150  4449510.8004 2.6699 2.6864 2.6683
12711M002                                  -.01811       0.01916       0.01137 .09999 .10000 .09999
12717M001 Noto            SLR   7543  4934528.3307  1321133.6889  3806522.6141 0.2119 0.2306 0.1882
12717M001                                  -.02734       0.01829       -.00163 .00983 .01072 .00877
12718M002 TRIESTE         SLR   7550  4336738.4314  1071272.0302  4537911.2506 0.6008 0.7991 0.5207
12718M002                                  -.00632       0.02070       0.00660 .02170 .02879 .01880
12725M002 Cagliari        SLR   7545  4893397.7249   772673.8104  4004141.2939 0.0546 0.0618 0.0476
12725M002                                  -.01365       0.01885       0.00978 .00274 .00312 .00237
12725S013 Cagliari        SLR   7548  4893346.9534   772583.3015  4004255.3185 0.4341 0.0745 0.1810
12725S013                                  -.01365       0.01885       0.00978 .00274 .00312 .00237
12734S001 Matera          SLR   7939  4641964.5475  1393070.4416  4133262.6543 0.0018 0.0018 0.0016
12734S001                                  -.01863       0.01906       0.01462 .00006 .00006 .00006
12734M004 Matera          SLR   7541  4641989.8000  1393042.8125  4133232.2895 0.0056 0.0030 0.0064
12734M004                                  -.01863       0.01906       0.01462 .00006 .00006 .00006
12734S008 Matera          SLR   7941  4641978.5239  1393067.8197  4133249.6959 0.0006 0.0007 0.0006
12734S008                                  -.01863       0.01906       0.01462 .00006 .00006 .00006
12749M001 MONTE VENDA     SLR   7542  4399363.4898   910506.5228  4512941.0408 2.3152 2.3285 2.3214
12749M001                                  -.00276       0.00064       0.00296 .09915 .09972 .09942
13212S001 Herstmonceux Ca SLR   7840  4033463.4763    23662.7873  4924305.3508 0.0006 0.0007 0.0007
13212S001                                  -.01316       0.01708       0.00981 .00005 .00005 .00006
13402S004 SAN FERNANDO    SLR   7824  5105473.5409  -555110.3752  3769892.8575 0.0182 0.0093 0.0154
13402S004                                  -.00945       0.01775       0.01344 .00026 .00024 .00022
13402M005 SAN FERNANDO    SLR   7823  5105602.8696  -555206.5165  3769654.7303 0.0241 0.0206 0.0198
13402M005                                  -.00945       0.01775       0.01344 .00026 .00024 .00022
13402S007 SAN FERNANDO    SLR   7824  5105473.8207  -555110.3979  3769893.0610 0.0022 0.0024 0.0019
13402S007                                  -.00945       0.01775       0.01344 .00026 .00024 .00022
13504S001 KOOTWIJK        SLR   7833  3899223.9235   396743.3530  5015074.1399 0.2193 0.2132 0.1299
13504S001                                  -.01127       0.01788       0.00681 .00687 .00674 .00415
13504M002 KOOTWIJK        SLR   8833  3899237.5210   396769.6497  5015055.4355 0.1502 0.1532 0.0967
13504M002                                  -.01127       0.01788       0.00681 .00687 .00674 .00415
14001S001 Zimmerwald      SLR   7810  4331283.2590   567550.0506  4633140.3118 0.0059 0.0032 0.0068
14001S001                                  -.01372       0.01809       0.01171 .00005 .00005 .00006
14001S007 Zimmerwald      SLR   7810  4331283.4215   567550.0711  4633140.4768 0.0006 0.0006 0.0006
14001S007                                  -.01372       0.01809       0.01171 .00005 .00005 .00006
14106S001 Potsdam         SLR   1181  3800620.8916   882005.7610  5028859.8105 0.0279 0.0144 0.0362
14106S001                                  -.01602       0.01603       0.00938 .00008 .00008 .00008
14106S009 Potsdam         SLR   7836  3800639.3898   881982.3305  5028831.8603 0.0016 0.0016 0.0014
14106S009                                  -.01602       0.01603       0.00938 .00008 .00008 .00008
14106S011 Potsdam         SLR   7841  3800432.0210   881692.2540  5029030.2263 0.0008 0.0008 0.0007
14106S011                                  -.01602       0.01603       0.00938 .00008 .00008 .00008
14201S002 Wettzell        SLR   7834  4075529.6089   931781.7268  4801618.4990 0.0087 0.0045 0.0107
14201S002                                  -.01581       0.01711       0.01009 .00006 .00005 .00006
14201M004 Wettzell        SLR   7596  4075582.1497   931837.7297  4801560.1020 0.0884 0.2825 0.1938
14201M004                                  -.01581       0.01711       0.01009 .00006 .00005 .00006
14201M005 Wettzell        SLR   7597  4075601.6097   931826.8527  4801547.9791 0.0092 0.0083 0.0073
14201M005                                  -.01581       0.01711       0.01009 .00006 .00005 .00006
14201S018 Wettzell        SLR   8834  4075576.5728   931785.7659  4801583.7516 0.0007 0.0007 0.0007
14201S018                                  -.01581       0.01711       0.01009 .00006 .00005 .00006
14201S045 Wettzell        SLR   7827  4075530.9207   931782.0129  4801620.0498 0.0010 0.0010 0.0010
14201S045                                  -.01581       0.01711       0.01009 .00006 .00005 .00006
14201M200 Wettzell        SLR   7594  4075594.7814   931733.2689  4801567.7447 0.2382 0.1462 0.0620
14201M200                                  -.01581       0.01711       0.01009 .00006 .00005 .00006
20101S001 SOLAR VILLAGE - SLR   7832  3992100.4748  4192172.7554  2670411.1998 0.0022 0.0022 0.0022
20101S001                                  -.03145       0.01306       0.02630 .00021 .00021 .00021
20702M001 BAR GIYYORA     SLR   7530  4443965.0514  3121945.7268  3334694.1190 0.2699 0.2660 0.2163
20702M001                                  -.03751       0.02124       0.01695 .01284 .01265 .01026
20801M001 Diyarbakir      SLR   7575  3848635.1475  3251760.8918  3898909.1986 0.5239 0.5791 0.4577
20801M001                                  -.02957       -.00132       -.00317 .01995 .02227 .01730
20802M001 Yozgat          SLR   7585  4029729.8253  2802092.8321  4062068.2753 0.8998 1.1077 0.5845
20802M001                                  -.03033       -.01746       0.00877 .03522 .04352 .02278
20803M001 Melengiclick    SLR   7580  4247619.6670  2778638.8431  3851607.5417 0.2884 0.3089 0.2422
20803M001                                  -.03046       -.00477       -.00031 .01117 .01192 .00920
20804M001 Yigilca         SLR   7587  4117360.9601  2517077.0209  4157679.0373 0.1803 0.2027 0.1708
20804M001                                  -.03933       0.00625       -.00239 .00750 .00831 .00701
20805M001 Ankara          SLR   7589  4121934.5126  2652189.2696  4069034.3408 1.6114 1.6267 1.1890
20805M001                                  0.01224       -.02484       -.02718 .07416 .07489 .05486
21601S004 BEIJING         SLR   7249 -2148760.9161  4426759.5409  4044509.5778 0.0031 0.0047 0.0046  1 00:000:00000 11:070:20783
21601S004                                  -.03160       -.00431       -.00672 .00016 .00025 .00022
21601S004 BEIJING         SLR   7249 -2148760.9191  4426759.5157  4044509.5601 0.0034 0.0049 0.0050  2 11:070:20783 00:000:00000
21601S004                                  -.03209       -.00517       -.00530 .00107 .00161 .00162
21601S005 BEIJING         SLR   7357 -2148781.9687  4426678.1432  4044571.4820 0.0112 0.0116 0.0115
21601S005                                  -.03160       -.00431       -.00672 .00016 .00025 .00022
21602S003 WUHAN-JIUFENG   SLR   7236 -2266556.4166  5009079.4703  3222265.8173 0.1429 0.2303 0.1828
21602S003                                  -.03470       0.00715       -.01366 .00741 .01198 .00948
21602S004 WUHAN-JIUFENG   SLR   7231 -2279714.7124  5004767.3389  3219793.8292 0.0287 0.0287 0.0284
21602S004                                  -.02982       -.00779       -.01232 .00221 .00213 .00212
21602S008 WUHAN-JIUFENG   SLR   7396 -2279755.8409  5004737.4289  3219791.6597 0.0126 0.0128 0.0124
21602S008                                  -.02982       -.00779       -.01232 .00221 .00213 .00212
21605S001 SHANGHAI        SLR   7837 -2831088.6210  4676203.1085  3275172.6110 0.0074 0.0071 0.0066  1 00:000:00000 95:274:00000
21605S001                                  -.02995       -.01249       -.01194 .00030 .00029 .00027
21605S001 SHANGHAI        SLR   7837 -2831088.6244  4676203.1154  3275172.6091 0.0043 0.0041 0.0039  2 95:274:00000 00:000:00000
21605S001                                  -.02995       -.01249       -.01194 .00030 .00029 .00027
21605S010 SHANGHAI        SLR   7821 -2830744.7453  4676580.1697  3275072.7204 0.0163 0.0225 0.0158  1 00:000:00000 08:001:00000
21605S010                                  -.02995       -.01249       -.01194 .00030 .00029 .00027
21605S010 SHANGHAI        SLR   7821 -2830744.7475  4676580.1775  3275072.7257 0.0077 0.0116 0.0100  2 08:001:00000 11:070:20783
21605S010                                  -.02995       -.01249       -.01194 .00030 .00029 .00027
21605S010 SHANGHAI        SLR   7821 -2830744.7560  4676580.1726  3275072.7351 0.0017 0.0017 0.0015  3 11:070:20783 00:000:00000
21605S010                                  -.02995       -.01249       -.01194 .00030 .00029 .00027
21609S002 KUNMING         SLR   7820 -1281276.2922  5640727.2837  2682925.6486 0.0132 0.0295 0.0176  1 00:000:00000 07:245:00000
21609S002                                  -.03435       0.00464       -.01222 .00092 .00204 .00121
21609S002 KUNMING         SLR   7820 -1281276.2685  5640727.2126  2682925.5958 0.0085 0.0185 0.0128  2 07:245:00000 00:000:00000
21609S002                                  -.03435       0.00464       -.01222 .00092 .00204 .00121
21609S004 KUNMING         SLR   7819 -1281301.3947  5640724.4146  2682905.4914 0.0046 0.0103 0.0064
21609S004                                  -.03435       0.00464       -.01222 .00092 .00204 .00121
21611S001 Changchun       SLR   7237 -2674387.2013  3757189.1514  4391508.2416 0.0028 0.0028 0.0023  1 00:000:00000 11:070:20783
21611S001                                  -.02598       -.00893       -.00941 .00023 .00024 .00020
21611S001 Changchun       SLR   7237 -2674387.2187  3757189.1416  4391508.2396 0.0011 0.0011 0.0010  2 11:070:20783 00:000:00000
21611S001                                  -.02750       -.00881       -.00896 .00031 .00032 .00026
21612M002 Urumqi          SLR   7355   184592.0131  4606751.6773  4393756.2983 0.3993 0.3735 0.3472
21612M002                                  0.00672       0.04174       -.01295 .03487 .03270 .03043
21613M003 Lhasa           SLR   7356  -100536.9864  5550600.5623  3137037.5600 0.8084 0.6999 0.8147
21613M003                                  -.08895       -.11921       0.05869 .06110 .05295 .06150
21701M002 KASHIMA         SLR   7335 -3997484.3352  3276846.9375  3724296.5083 0.0586 0.0603 0.0532
21701M002                                  -.00057       0.00362       -.00595 .00393 .00405 .00357
21704M001 KOGANEI         SLR   7328 -3941941.2191  3368169.5709  3702195.6143 0.0223 0.0205 0.0218  1 00:000:00000 04:249:53839
21704M001                                  0.00122       0.00223       -.00465 .00144 .00133 .00143
21704M001 KOGANEI         SLR   7328 -3941941.2678  3368169.5848  3702195.6342 0.0164 0.0145 0.0148  2 04:249:53839 11:070:20783
21704M001                                  -.00141       0.00208       -.00300 .00215 .00195 .00222
21704S002 KOGANEI         SLR   7308 -3942020.1212  3368097.6233  3702190.9818 0.0208 0.0189 0.0207  1 00:000:00000 04:249:53839
21704S002                                  0.00122       0.00223       -.00465 .00144 .00133 .00143
21704S002 KOGANEI         SLR   7308 -3942020.1657  3368097.6400  3702191.0056 0.0137 0.0124 0.0144  2 04:249:53839 11:070:20783
21704S002                                  -.00141       0.00208       -.00300 .00215 .00195 .00222
21704S002 KOGANEI         SLR   7308 -3942020.3182  3368097.4330  3702191.0867 0.0120 0.0116 0.0126  3 11:070:20783 00:000:00000
21704S002                                  -.00875       0.00364       0.00759 .00495 .00463 .00498
21726S001 Simosato        SLR   7838 -3822388.2973  3699363.6804  3507573.0858 0.0037 0.0037 0.0033  1 00:000:00000 04:249:36428
21726S001                                  0.00411       0.00575       -.00362 .00024 .00024 .00022
21726S001 Simosato        SLR   7838 -3822388.2887  3699363.6858  3507573.0569 0.0024 0.0024 0.0021  2 04:249:36428 11:070:20783
21726S001                                  0.00411       0.00575       -.00362 .00024 .00024 .00022
21726S001 Simosato        SLR   7838 -3822388.3030  3699363.6552  3507573.0457 0.0013 0.0013 0.0012  3 11:070:20783 16:092:09548
21726S001                                  0.00264       0.00471       -.00353 .00050 .00051 .00046
21726S001 Simosato        SLR   7838 -3822388.3051  3699363.6547  3507573.0443 0.0019 0.0020 0.0017  4 16:092:09548 00:000:00000
21726S001                                  0.00264       0.00471       -.00353 .00050 .00051 .00046
21736S005 ISHIGAKI SHIMA  SLR   7307 -3268751.6377  4807239.4061  2615628.7601 1.5091 1.5038 1.4866
21736S005                                  -.04293       -.00078       -.04658 .09912 .09884 .09766
21739M001 MIURA           SLR   7337 -3976161.5198  3377950.4426  3656687.3488 0.1371 0.1415 0.1307
21739M001                                  0.00963       0.00336       0.00281 .00909 .00941 .00871
21740M001 TATEYAMA        SLR   7339 -4000954.9583  3375310.1220  3632201.2162 0.0472 0.0505 0.0430
21740M001                                  0.01355       -.02101       0.02183 .00321 .00344 .00296
21749S001 Tanegashima Isl SLR   7358 -3607651.8329  4147873.8583  3223722.6738 0.0113 0.0117 0.0097  1 00:000:00000 11:070:20783
21749S001                                  -.03058       -.01200       -.02008 .00159 .00173 .00148
21749S001 Tanegashima Isl SLR   7358 -3607651.8285  4147873.8458  3223722.6791 0.0291 0.0267 0.0249  2 11:070:20783 16:106:59106
21749S001                                  -.02752       -.01278       -.01919 .00738 .01020 .00836
21749S001 Tanegashima Isl SLR   7358 -3607651.8427  4147873.8520  3223722.6792 0.0177 0.0262 0.0204  3 16:106:59106 19:008:45571
21749S001                                  -.02752       -.01278       -.01919 .00738 .01020 .00836
21749S001 Tanegashima Isl SLR   7358 -3607651.8612  4147873.8502  3223722.6786 0.0355 0.0474 0.0388  4 19:008:45571 00:000:00000
21749S001                                  -.02752       -.01278       -.01919 .00738 .01020 .00836
23902S002 Daejeon         SLR   7359 -3120073.3385  4084621.8407  3763990.6338 0.0073 0.0080 0.0075
23902S002                                  -.02617       -.01205       -.01536 .00743 .00794 .00705
23907S002 Sejong Observat SLR   7394 -3110108.4000  4082170.3359  3774911.8024 0.0045 0.0048 0.0047
23907S002                                  -.02718       -.01221       -.00874 .00089 .00090 .00091
25603S001 Baikonur Cosmod SLR   1887  2001873.2104  3987633.4451  4542477.7273 0.0017 0.0020 0.0014
25603S001                                  -.02594       0.00770       0.00310 .00052 .00061 .00052
30101S001 HELWAN          SLR   7831  4728283.0241  2879670.6809  3156895.0258 0.0308 0.0318 0.0276
30101S001                                  -.01876       0.01463       0.01804 .00146 .00151 .00133
30301S010                 SLR   7503  5085428.4441  2668340.7654 -2768641.3455 0.0172 0.0144 0.0136
30301S010                                  0.00330       0.02117       0.01899 .00381 .00308 .00296
30302M003 Hartebeesthoek  SLR   7501  5085401.0993  2668330.4331 -2768688.5817 0.0013 0.0013 0.0013  1 00:000:00000 12:099:00000
30302M003                                  -.00069       0.01975       0.01561 .00012 .00013 .00012
30302M003 Hartebeesthoek  SLR   7501  5085401.0913  2668330.4288 -2768688.5740 0.0008 0.0010 0.0008  2 12:099:00000 00:000:00000
30302M003                                  -.00069       0.01975       0.01561 .00012 .00013 .00012
30314M001 Sutherland      SLR   7502  5041540.4259  1915352.4910 -3396939.9881 1.6696 1.8426 1.7165
30314M001                                  -.13851       -.02624       0.11179 .07839 .08652 .08059
40104M003 Algonquin       SLR   7410   918212.1640 -4346066.7366  4561957.3582 1.6286 1.7103 1.3732
40104M003                                  -.04234       -.00801       -.01480 .07607 .07991 .06414
40132M001 LA GRANDE       SLR   7411   749864.2690 -3709311.9963  5116946.3422 3.7682 2.6872 3.0390
40132M001                                  -.03135       -.05776       0.01744 .18526 .13203 .14941
40405M006 GOLDSTONE       SLR   7265 -2356475.9427 -4646618.1593  3668424.9529 0.4827 0.3139 0.3617
40405M006                                  -.01061       0.00597       0.00566 .01557 .01005 .01166
40405M013 GOLDSTONE       SLR   7288 -2356494.3360 -4646607.5606  3668426.7898 0.3825 0.2477 0.2867
40405M013                                  -.01061       0.00597       0.00566 .01557 .01005 .01166
40429S001 Albuquerque     SLR   7884 -1483442.9590 -5019625.7380  3635691.9943 0.1786 0.1759 0.1496
40429S001                                  -.00619       -.00450       -.00122 .00943 .00935 .00794
40433M002 QUINCY          SLR   7109 -2517235.2143 -4198556.0200  4076569.5581 0.0060 0.0067 0.0066
40433M002                                  -.01796       0.00901       -.00597 .00029 .00032 .00033
40433M005 QUINCY          SLR   7886 -2517242.8212 -4198550.7342  4076570.1970 0.0312 0.0259 0.0199
40433M005                                  -.01796       0.00901       -.00597 .00029 .00032 .00033
40436M002 SAN DIEGO - OTA SLR   7062 -2428824.1172 -4799737.3061  3417264.8155 ****** ****** ******
40436M002                                  0.05029       0.42457       -.24975 .50641 .42209 .44999
40436M003 SAN DIEGO - OTA SLR   7035 -2428825.3166 -4799743.1591  3417260.5259 ****** ****** ******
40436M003                                  0.05029       0.42457       -.24975 .50641 .42209 .44999
40438M001 Bear lake       SLR   7082 -1735997.4222 -4425048.0087  4241429.9164 1.0365 1.0275 0.7533
40438M001                                  -.01207       0.01064       -.02198 .03332 .03298 .02421
40438M002 Bear lake       SLR   7046 -1736003.3142 -4425049.3640  4241426.5581 0.7877 0.7818 0.5747
40438M002                                  -.01207       0.01064       -.02198 .03332 .03298 .02421
40439M004 OWENS VALLEY    SLR   7853 -2410421.2339 -4477799.2109  3838689.5419 0.9447 0.9130 0.7218
40439M004                                  -.00240       0.04726       -.03093 .03764 .03607 .02886
40440M001 WESTFORD        SLR   7091  1492453.3007 -4457278.7648  4296816.0947 0.8632 0.8083 0.5603
40440M001                                  -.01641       0.00115       0.00592 .03538 .03306 .02288
40442M001 FORT DAVIS      SLR   7086 -1330125.6385 -5328526.6355  3236150.1608 0.0047 0.0069 0.0060
40442M001                                  -.01258       0.00081       -.00485 .00007 .00007 .00007
40442M006 FORT DAVIS      SLR   7080 -1330021.2940 -5328401.8389  3236480.6968 0.0010 0.0009 0.0009
40442M006                                  -.01258       0.00081       -.00485 .00007 .00007 .00007
40442M008 FORT DAVIS      SLR   7850 -1330008.4241 -5328391.5766  3236502.6312 0.0050 0.0048 0.0043
40442M008                                  -.01258       0.00081       -.00485 .00007 .00007 .00007
40445M001 MAUI            SLR   7210 -5466006.8886 -2404426.2636  2242188.3455 0.0141 0.0141 0.0142  1 00:000:00000 89:256:00000
40445M001                                  -.01317       0.06331       0.03227 .00045 .00049 .00049
40445M001 MAUI            SLR   7210 -5466006.8362 -2404426.2709  2242188.3391 0.0102 0.0107 0.0107  2 89:256:00000 94:022:00000
40445M001                                  -.01317       0.06331       0.03227 .00045 .00049 .00049
40445M001 MAUI            SLR   7210 -5466006.8462 -2404426.2797  2242188.3411 0.0084 0.0090 0.0090  3 94:022:00000 00:264:00000
40445M001                                  -.01317       0.06331       0.03227 .00045 .00049 .00049
40445M001 MAUI            SLR   7210 -5466006.8466 -2404426.3029  2242188.3365 0.0013 0.0013 0.0012  4 00:264:00000 00:000:00000
40445M001                                  -.01287       0.06217       0.03194 .00008 .00008 .00008
40445M004 MAUI            SLR   7119 -5466065.6231 -2404337.7154  2242108.5531 0.0007 0.0009 0.0007
40445M004                                  -.01287       0.06217       0.03194 .00008 .00008 .00008
40451M102 Washington      SLR   7102  1130686.2398 -4831353.0299  3994110.9747 0.0055 0.0148 0.0116
40451M102                                  -.01504       0.00017       0.00228 .00005 .00005 .00006
40451M105 Washington      SLR   7105  1130719.3629 -4831350.5753  3994106.5851 0.0007 0.0006 0.0007
40451M105                                  -.01504       0.00017       0.00228 .00005 .00005 .00006
40451M114 Washington      SLR   7125  1130745.4024 -4831368.0260  3994077.1875 0.0064 0.0057 0.0052
40451M114                                  -.01504       0.00017       0.00228 .00005 .00005 .00006
40451M116 Washington      SLR   7130  1130734.9465 -4831324.6384  3994132.4343 0.0061 0.0053 0.0046
40451M116                                  -.01504       0.00017       0.00228 .00005 .00005 .00006
40451M117 Washington      SLR   7920  1130741.5372 -4831369.7966  3994076.1808 0.0168 0.0151 0.0141
40451M117                                  -.01504       0.00017       0.00228 .00005 .00005 .00006
40451M120 Washington      SLR   7918  1130704.9456 -4831345.4463  3994116.0423 0.0033 0.0030 0.0028
40451M120                                  -.01504       0.00017       0.00228 .00005 .00005 .00006
40493M001 YUMA            SLR   7894 -2196778.1958 -4887336.9688  3448425.0097 0.1109 0.1926 0.1535
40493M001                                  -.01285       0.00351       -.00844 .00387 .00657 .00532
40496M001 PLATTEVILLE     SLR   7112 -1240678.4927 -4720463.1674  4094480.1170 0.4653 0.4919 0.3491
40496M001                                  -.01179       0.00879       -.02013 .01928 .01995 .01454
40497M001 Monument Peak   SLR   7110 -2386278.7511 -4802353.6586  3444881.8641 0.0033 0.0034 0.0032  1 00:000:00000 99:289:35204
40497M001                                  -.02997       0.02707       0.01458 .00018 .00019 .00018
40497M001 Monument Peak   SLR   7110 -2386278.7627 -4802353.6859  3444881.8638 0.0017 0.0016 0.0015  2 99:289:35204 10:094:81643
40497M001                                  -.03077       0.02541       0.01392 .00014 .00014 .00013
40497M001 Monument Peak   SLR   7110 -2386278.7687 -4802353.6742  3444881.8518 0.0008 0.0008 0.0008  3 10:094:81643 19:187:11993
40497M001                                  -.03077       0.02541       0.01392 .00014 .00014 .00013
40497M001 Monument Peak   SLR   7110 -2386278.7676 -4802353.6724  3444881.8466 0.0021 0.0018 0.0017  4 19:187:11993 00:000:00000
40497M001                                  -.03077       0.02541       0.01392 .00014 .00014 .00013
40497M002 Monument Peak   SLR   7220 -2386293.0470 -4802346.7432  3444881.2686 0.0274 0.0243 0.0230
40497M002                                  -.02997       0.02707       0.01458 .00018 .00019 .00018
40499M002 RICHMOND        SLR   7295   961318.7575 -5674091.1252  2740489.6677 0.0730 0.0569 0.0628
40499M002                                  -.00947       -.00678       0.00299 .00355 .00275 .00307
40504M001 Mazatlan        SLR   7122 -1660089.5056 -5619100.2973  2511637.6498 0.0603 0.0981 0.0681  1 00:000:00000 85:264:00000
40504M001                                  -.00704       0.00520       -.00863 .00198 .00320 .00224
40504M001 Mazatlan        SLR   7122 -1660089.4948 -5619100.3122  2511637.6712 0.0533 0.0862 0.0602  2 85:264:00000 91:091:00000
40504M001                                  -.00704       0.00520       -.00863 .00198 .00320 .00224
40504M001 Mazatlan        SLR   7122 -1660089.5126 -5619100.3563  2511637.6981 0.0452 0.0724 0.0508  3 91:091:00000 00:000:00000
40504M001                                  -.00704       0.00520       -.00863 .00198 .00320 .00224
40505M001 Cabo san Lucas  SLR   7882 -1997242.8599 -5528040.7683  2468355.8368 0.1725 0.1375 0.1490
40505M001                                  -.03999       0.01829       0.02126 .00824 .00654 .00711
40506M001 Ensenada        SLR   7883 -2406127.6144 -4898367.7768  3290337.1457 0.1397 0.1279 0.1165
40506M001                                  -.03086       0.02314       0.02052 .00660 .00605 .00552
40701S001 SANTIAGO DE CUB SLR   1953  1474547.5261 -5811242.3802  2168945.6016 0.2042 0.1757 0.1979
40701S001                                  -.03694       -.00014       0.02974 .00995 .00789 .00960
41508S003 San Juan        SLR   7406  1984104.4293 -5068867.2446 -3314482.4249 0.0047 0.0049 0.0042  1 00:000:00000 10:058:23654
41508S003                                  0.00977       -.00491       0.01086 .00065 .00068 .00059
41508S003 San Juan        SLR   7406  1984104.4065 -5068867.2509 -3314482.4539 0.0021 0.0024 0.0020  2 10:058:23654 00:000:00000
41508S003                                  0.00977       -.00491       0.01086 .00065 .00068 .00059
41703M002 Easter Island   SLR   7097 -1884982.6224 -5357608.7241 -2892853.5786 0.0577 0.0526 0.0501
41703M002                                  0.06421       -.02005       -.00860 .00275 .00249 .00236
41705M001 Santiago        SLR   7400  1769701.2051 -5044613.9811 -3468259.5973 0.8951 0.7343 0.6494
41705M001                                  0.04604       -.03455       0.01501 .02901 .02381 .02102
41705M004 Santiago        SLR   7404  1769715.3423 -5044610.1301 -3468260.2999 0.5473 0.4486 0.3970
41705M004                                  0.04604       -.03455       0.01501 .02901 .02381 .02102
41706M001 Cerro Tololo    SLR   7401  1815517.6327 -5213464.6523 -3187998.7663 0.1063 0.0862 0.0905
41706M001                                  0.01455       0.00752       0.02035 .00420 .00339 .00361
41719M001 Concepcion      SLR   7405  1492033.3785 -4887946.0967 -3803565.7336 0.0039 0.0039 0.0034  1 00:000:00000 10:058:23656
41719M001                                  0.03452       -.00150       0.01674 .00049 .00051 .00044
41719M001 Concepcion      SLR   7405  1492030.3429 -4887946.5403 -3803566.2298 0.0068 0.0065 0.0059  4 10:075:08518 11:042:72331
41719M001                                  0.02587       0.00213       0.02058 .00147 .00140 .00127
41719M001 Concepcion      SLR   7405  1492030.3236 -4887946.5418 -3803566.2262 0.0038 0.0036 0.0033  5 11:042:72331 00:000:00000
41719M001                                  0.02587       0.00213       0.02058 .00147 .00140 .00127
42202S001 Arequipa        SLR   7907  1942792.2819 -5804077.5597 -1796918.8322 0.0185 0.0187 0.0165  1 00:000:00000 88:103:83995
42202S001                                  0.01077       0.00283       0.01496 .00061 .00060 .00055
42202S001 Arequipa        SLR   7907  1942792.2855 -5804077.5712 -1796918.8345 0.0162 0.0176 0.0145  2 88:103:83995 00:000:00000
42202S001                                  0.01077       0.00283       0.01496 .00061 .00060 .00055
42202M003 Arequipa        SLR   7403  1942808.2988 -5804069.6460 -1796915.1895 0.0136 0.0131 0.0122  1 00:000:00000 94:160:01996
42202M003                                  0.01077       0.00283       0.01496 .00061 .00060 .00055
42202M003 Arequipa        SLR   7403  1942808.3096 -5804069.6499 -1796915.1940 0.0122 0.0118 0.0109  2 94:160:01996 96:317:61184
42202M003                                  0.01077       0.00283       0.01496 .00061 .00060 .00055
42202M003 Arequipa        SLR   7403  1942808.3062 -5804069.6560 -1796915.1908 0.0105 0.0100 0.0094  3 96:317:61184 01:174:73994
42202M003                                  0.01077       0.00283       0.01496 .00061 .00060 .00055
42202M003 Arequipa        SLR   7403  1942807.8831 -5804069.6557 -1796915.5476 0.0043 0.0039 0.0041  5 01:188:34724 07:227:85258
42202M003                                  0.01470       0.00528       0.01190 .00033 .00032 .00032
42202M003 Arequipa        SLR   7403  1942807.8803 -5804069.6575 -1796915.5517 0.0020 0.0016 0.0018  6 07:227:85258 14:091:85607
42202M003                                  0.01470       0.00528       0.01190 .00033 .00032 .00032
42202M003 Arequipa        SLR   7403  1942807.8800 -5804069.6599 -1796915.5460 0.0035 0.0070 0.0036  7 14:091:85607 00:000:00000
42202M003                                  0.01536       0.00066       0.01246 .00156 .00336 .00151
48081S001 Campus Universi SLR   7407  4119502.0946 -4553595.2476 -1722855.0836 0.0033 0.0033 0.0031
48081S001                                  -.00281       -.00317       0.01202 .00120 .00107 .00105
50103S007 Tidbinbilla     SLR   7843 -4446477.8637  2678127.1081 -3696250.5090 0.0177 0.0173 0.0155  1 00:000:00000 88:001:00000
50103S007                                  -.03890       0.00294       0.04381 .00059 .00058 .00050
50103S007 Tidbinbilla     SLR   7843 -4446477.8010  2678127.0768 -3696250.4706 0.0166 0.0160 0.0149  2 88:001:00000 92:121:00000
50103S007                                  -.03890       0.00294       0.04381 .00059 .00058 .00050
50103S007 Tidbinbilla     SLR   7843 -4446477.7680  2678127.0566 -3696250.4480 0.0111 0.0111 0.0095  3 92:121:00000 00:000:00000
50103S007                                  -.03890       0.00294       0.04381 .00059 .00058 .00050
50107M001 Yarragadee      SLR   7090 -2389007.7701  5043329.4858 -3078523.9709 0.0007 0.0006 0.0007
50107M001                                  -.04682       0.00797       0.05096 .00005 .00005 .00006
50107S009 Yarragadee      SLR   7847 -2389018.8344  5043337.1314 -3078505.1504 0.0439 0.0420 0.0370
50107S009                                  -.04682       0.00797       0.05096 .00005 .00005 .00006
50119S001 Mount Stromlo   SLR   7849 -4467064.3049  2683034.4872 -3667006.5422 0.0011 0.0012 0.0011
50119S001                                  -.03645       0.00034       0.04552 .00006 .00006 .00006
50119S003 Mount Stromlo   SLR   7825 -4467064.9663  2683034.8906 -3667007.0948 0.0006 0.0007 0.0007
50119S003                                  -.03645       0.00034       0.04552 .00006 .00006 .00006
92201M007 Papeete (Tahiti SLR   7124 -5246407.4964 -3077284.0416 -1913813.5831 0.0030 0.0033 0.0030  1 00:000:00000 01:207:00000
92201M007                                  -.04129       0.05220       0.03299 .00014 .00015 .00014
92201M007 Papeete (Tahiti SLR   7124 -5246407.5039 -3077284.0497 -1913813.5910 0.0010 0.0011 0.0011  2 01:207:00000 00:000:00000
92201M007                                  -.04129       0.05220       0.03299 .00014 .00015 .00014
92201M017 Papeete (Tahiti SLR   7822 -5246415.6571 -3077274.3365 -1913807.4427 0.0104 0.0137 0.0110
92201M017                                  -.04129       0.05220       0.03299 .00014 .00015 .00014
92202M002 Huahine (Motu H SLR   7121 -5345866.3699 -2958245.2494 -1824622.9344 0.1336 0.0953 0.0815
92202M002                                  -.03980       0.05245       0.03270 .00436 .00313 .00268
92202M004 Huahine (Motu H SLR   7123 -5345867.8380 -2958246.0581 -1824623.4342 0.0968 0.0719 0.0625
92202M004                                  -.03980       0.05245       0.03270 .00436 .00313 .00268
